# unix_time, cycles_done, cur_path, paths_total, pending_total, pending_favs, map_size, unique_crashes, unique_hangs, max_depth, execs_per_sec
1675651578, 0, 0, 49, 49, 47, 6.57%, 0, 0, 1, 60.63
1675651583, 0, 0, 160, 160, 47, 6.72%, 0, 0, 2, 471.21
1675651589, 0, 0, 188, 188, 47, 6.73%, 0, 0, 2, 385.15
1675651594, 0, 0, 203, 203, 47, 6.74%, 0, 0, 2, 374.11
1675651599, 0, 0, 206, 206, 47, 6.74%, 0, 0, 2, 371.40
1675651604, 0, 0, 207, 207, 47, 6.74%, 0, 0, 2, 452.10
1675651609, 0, 0, 208, 208, 47, 6.74%, 0, 0, 2, 390.56
1675651614, 0, 0, 216, 216, 47, 6.74%, 0, 0, 2, 326.57
1675651619, 0, 0, 218, 218, 47, 6.74%, 0, 0, 2, 292.61
1675651624, 0, 0, 219, 219, 47, 6.74%, 0, 0, 2, 2376.94
1675651629, 0, 0, 221, 221, 47, 6.74%, 0, 0, 2, 371.36
1675651634, 0, 0, 223, 223, 47, 6.74%, 0, 0, 2, 306.40
1675651640, 0, 0, 225, 225, 47, 6.74%, 0, 0, 2, 399.35
1675651645, 0, 0, 226, 226, 47, 6.74%, 0, 0, 2, 346.36
1675651660, 0, 0, 227, 227, 47, 6.74%, 0, 0, 2, 479.71
1675651670, 0, 0, 230, 230, 47, 6.74%, 0, 0, 2, 484.27
1675651675, 0, 0, 237, 237, 47, 6.75%, 0, 0, 2, 858.03
1675651680, 0, 0, 243, 243, 47, 6.76%, 0, 0, 2, 1444.79
1675651685, 0, 1, 275, 274, 86, 6.81%, 0, 0, 2, 925.77
1675651690, 0, 1, 277, 276, 86, 6.81%, 0, 0, 2, 980.80
1675651696, 0, 1, 282, 281, 86, 6.81%, 0, 0, 2, 789.49
1675651701, 0, 1, 283, 282, 86, 6.81%, 0, 0, 2, 793.46
1675651706, 0, 1, 288, 287, 86, 6.81%, 0, 0, 2, 980.50
1675651711, 0, 1, 299, 298, 86, 6.84%, 0, 0, 2, 860.85
1675651716, 0, 1, 305, 304, 86, 6.84%, 0, 0, 2, 1859.72
1675651721, 0, 3, 306, 304, 102, 6.84%, 0, 0, 2, 2436.15
1675651727, 0, 4, 307, 304, 103, 6.85%, 0, 0, 2, 38.93
1675651758, 0, 4, 313, 310, 103, 6.87%, 0, 0, 2, 57.20
1675651773, 0, 4, 314, 311, 103, 6.87%, 0, 0, 2, 4.06
1675651778, 0, 4, 315, 312, 103, 6.88%, 0, 0, 2, 3.99
1675651909, 0, 4, 316, 313, 103, 6.90%, 0, 0, 2, 3.96
1675651914, 0, 4, 318, 315, 103, 6.90%, 0, 0, 2, 3.95
1675651924, 0, 4, 320, 317, 103, 6.91%, 0, 0, 2, 3.96
1675651940, 0, 4, 321, 318, 103, 6.91%, 0, 0, 2, 3.97
1675651955, 0, 4, 322, 319, 103, 6.91%, 0, 0, 2, 3.95
1675651960, 0, 4, 323, 320, 103, 6.92%, 0, 0, 2, 3.96
1675651965, 0, 4, 325, 322, 103, 6.92%, 0, 0, 2, 3.96
1675651980, 0, 4, 326, 323, 103, 6.92%, 0, 0, 2, 3.96
1675652036, 0, 4, 327, 324, 103, 6.92%, 0, 0, 2, 3.96
1675652041, 0, 4, 328, 325, 103, 6.93%, 0, 0, 2, 3.96
1675652046, 0, 4, 330, 327, 103, 6.94%, 0, 0, 2, 3.96
1675652051, 0, 4, 332, 329, 103, 6.94%, 0, 0, 2, 3.96
1675652076, 0, 4, 333, 330, 103, 6.94%, 0, 0, 2, 3.95
1675652410, 0, 4, 333, 330, 103, 6.94%, 0, 2, 2, 3.05
1675652435, 0, 4, 333, 330, 103, 6.94%, 0, 3, 2, 3.52
1675652441, 0, 4, 333, 330, 103, 6.94%, 0, 4, 2, 3.31
1675652447, 0, 4, 333, 330, 103, 6.94%, 0, 5, 2, 3.28
1675653248, 0, 4, 333, 330, 103, 6.94%, 0, 6, 2, 3.55
1675653254, 0, 4, 333, 330, 103, 6.94%, 0, 9, 2, 3.29
1675653260, 0, 4, 333, 330, 103, 6.94%, 0, 10, 2, 3.42
1675653265, 0, 4, 333, 330, 103, 6.94%, 0, 11, 2, 3.52
1675653332, 0, 4, 333, 330, 103, 6.94%, 0, 12, 2, 3.59
1675653337, 0, 4, 333, 330, 103, 6.94%, 0, 13, 2, 3.60
1675653342, 0, 4, 333, 330, 103, 6.94%, 0, 14, 2, 3.54
1675653353, 0, 4, 333, 330, 103, 6.94%, 0, 15, 2, 3.64
1675653359, 0, 4, 333, 330, 103, 6.94%, 0, 16, 2, 3.57
1675653364, 0, 4, 333, 330, 103, 6.94%, 0, 17, 2, 3.61
1675653384, 0, 5, 333, 329, 120, 6.94%, 0, 17, 2, 203.40
1675653389, 0, 5, 338, 334, 120, 6.94%, 0, 17, 2, 184.27
1675653394, 0, 5, 339, 335, 120, 6.94%, 0, 17, 2, 135.16
1675653399, 0, 5, 355, 351, 120, 6.94%, 0, 17, 2, 107.11
1675653405, 0, 5, 359, 355, 120, 6.94%, 0, 17, 2, 98.14
1675653410, 0, 5, 360, 356, 120, 6.94%, 0, 17, 2, 121.03
1675653415, 0, 5, 363, 359, 120, 6.94%, 0, 17, 2, 86.16
1675653420, 0, 5, 364, 360, 120, 6.94%, 0, 17, 2, 83.71
1675653425, 0, 5, 367, 363, 120, 6.94%, 0, 17, 2, 85.74
1675653512, 0, 5, 369, 365, 120, 6.95%, 0, 17, 2, 113.91
1675653646, 0, 5, 370, 366, 120, 6.95%, 0, 17, 2, 99.15
1675653661, 0, 5, 371, 367, 120, 6.95%, 0, 17, 2, 92.75
1675653676, 0, 5, 372, 368, 120, 6.95%, 0, 17, 2, 88.67
1675653686, 0, 5, 373, 369, 120, 6.95%, 0, 17, 2, 101.93
1675653825, 0, 5, 374, 370, 120, 6.95%, 0, 17, 2, 168.59
1675654936, 0, 5, 375, 371, 120, 6.95%, 0, 17, 2, 148.83
1675655970, 0, 5, 378, 374, 120, 6.96%, 0, 17, 2, 296.88
1675655976, 0, 5, 379, 375, 120, 6.96%, 0, 17, 2, 214.02
1675655991, 0, 5, 380, 376, 120, 6.96%, 0, 17, 2, 191.90
1675656565, 0, 5, 381, 377, 120, 6.97%, 0, 17, 2, 219.18
1675656570, 0, 6, 387, 382, 130, 6.98%, 0, 17, 2, 296.53
1675656576, 0, 6, 405, 400, 130, 7.01%, 0, 17, 2, 243.84
1675656581, 0, 6, 410, 405, 130, 7.02%, 0, 17, 2, 213.80
1675656591, 0, 6, 416, 411, 130, 7.14%, 0, 17, 2, 117.07
1675656601, 0, 6, 423, 418, 130, 7.18%, 0, 17, 2, 120.26
1675656611, 0, 6, 424, 419, 130, 7.18%, 0, 17, 2, 172.08
1675656627, 0, 6, 425, 420, 130, 7.18%, 0, 17, 2, 110.27
1675656637, 0, 6, 426, 421, 130, 7.19%, 0, 17, 2, 92.60
1675656663, 0, 6, 427, 422, 130, 7.19%, 0, 17, 2, 100.71
1675656780, 0, 6, 430, 425, 130, 7.19%, 0, 17, 2, 105.79
1675656790, 0, 6, 433, 428, 130, 7.19%, 0, 17, 2, 103.67
1675656821, 0, 6, 434, 429, 130, 7.20%, 0, 17, 2, 95.17
1675656861, 0, 6, 435, 430, 130, 7.20%, 0, 17, 2, 105.72
1675656866, 0, 6, 436, 431, 130, 7.20%, 0, 17, 2, 111.74
1675656882, 0, 6, 437, 432, 130, 7.20%, 0, 17, 2, 117.95
1675656887, 0, 6, 438, 433, 130, 7.21%, 0, 17, 2, 99.10
1675657102, 0, 6, 439, 434, 130, 7.21%, 0, 17, 2, 102.84
1675657122, 0, 6, 440, 435, 130, 7.21%, 0, 17, 2, 97.67
1675657357, 0, 6, 441, 436, 130, 7.21%, 0, 17, 2, 115.11
1675657413, 0, 6, 444, 439, 130, 7.21%, 0, 17, 2, 128.47
1675657439, 0, 6, 445, 440, 130, 7.21%, 0, 17, 2, 189.67
1675657444, 0, 6, 446, 441, 130, 7.21%, 0, 17, 2, 213.67
1675657459, 0, 6, 447, 442, 130, 7.21%, 0, 17, 2, 165.54
1675657505, 0, 6, 448, 443, 130, 7.21%, 0, 17, 2, 109.43
1675657516, 0, 6, 449, 444, 130, 7.21%, 0, 17, 2, 125.25
1675657598, 0, 6, 450, 445, 130, 7.21%, 0, 17, 2, 105.57
1675657608, 0, 6, 451, 446, 130, 7.21%, 0, 17, 2, 95.58
1675657619, 0, 6, 452, 447, 130, 7.21%, 0, 17, 2, 116.62
1675657730, 0, 6, 454, 449, 130, 7.22%, 0, 17, 2, 103.45
1675657746, 0, 6, 456, 451, 130, 7.22%, 0, 17, 2, 101.41
1675657853, 0, 6, 457, 452, 130, 7.22%, 0, 17, 2, 135.49
1675657858, 0, 6, 458, 453, 130, 7.22%, 0, 17, 2, 118.85
1675657888, 0, 6, 459, 454, 130, 7.22%, 0, 17, 2, 343.98
1675658000, 0, 6, 461, 456, 130, 7.22%, 0, 17, 2, 382.93
1675658066, 0, 6, 464, 459, 130, 7.22%, 0, 17, 2, 355.06
1675658071, 0, 6, 473, 468, 130, 7.22%, 0, 17, 2, 926.05
1675658076, 0, 6, 478, 473, 130, 7.22%, 0, 17, 2, 1263.61
1675658081, 0, 7, 509, 503, 160, 7.29%, 0, 17, 2, 762.51
1675658086, 0, 7, 516, 510, 160, 7.30%, 0, 17, 2, 718.98
1675658091, 0, 7, 518, 512, 160, 7.30%, 0, 17, 2, 978.92
1675658107, 0, 7, 519, 513, 160, 7.30%, 0, 17, 2, 401.49
1675658112, 0, 7, 521, 515, 160, 7.30%, 0, 17, 2, 355.56
1675658127, 0, 7, 522, 516, 160, 7.30%, 0, 17, 2, 318.17
1675658137, 0, 7, 524, 518, 160, 7.30%, 0, 17, 2, 565.62
1675658142, 0, 7, 525, 519, 160, 7.30%, 0, 17, 2, 459.71
1675658163, 0, 7, 527, 521, 160, 7.30%, 0, 17, 2, 921.01
1675658173, 0, 7, 528, 522, 160, 7.30%, 0, 17, 2, 415.48
1675658178, 0, 8, 529, 522, 172, 7.30%, 0, 17, 2, 288.17
1675658183, 0, 8, 540, 533, 172, 7.32%, 0, 17, 2, 279.37
1675658188, 0, 8, 550, 543, 172, 7.32%, 0, 17, 2, 299.82
1675658193, 0, 8, 561, 554, 172, 7.32%, 0, 17, 2, 269.68
1675658198, 0, 8, 563, 556, 172, 7.32%, 0, 17, 2, 263.94
1675658203, 0, 8, 564, 557, 172, 7.32%, 0, 17, 2, 259.91
1675658208, 0, 8, 565, 558, 172, 7.32%, 0, 17, 2, 247.82
1675658213, 0, 8, 566, 559, 172, 7.32%, 0, 17, 2, 242.83
1675658224, 0, 8, 569, 562, 172, 7.32%, 0, 17, 2, 227.46
1675658239, 0, 8, 570, 563, 172, 7.32%, 0, 17, 2, 229.56
1675658326, 0, 8, 571, 564, 172, 7.32%, 0, 17, 2, 316.86
1675658346, 0, 8, 572, 565, 172, 7.32%, 0, 17, 2, 268.19
1675658739, 0, 8, 573, 566, 172, 7.32%, 0, 17, 2, 235.44
1675659158, 0, 8, 574, 567, 172, 7.32%, 0, 17, 2, 249.39
1675659616, 0, 8, 579, 572, 172, 7.33%, 0, 17, 2, 1479.48
1675659621, 0, 8, 580, 573, 172, 7.33%, 0, 17, 2, 682.18
1675660036, 0, 8, 581, 574, 172, 7.33%, 0, 17, 2, 220.62
1675660041, 0, 9, 582, 574, 182, 7.33%, 0, 17, 2, 18.63
1675660103, 0, 9, 587, 579, 182, 7.33%, 0, 17, 2, 24.30
1675660128, 0, 9, 590, 582, 182, 7.34%, 0, 17, 2, 16.78
1675660133, 0, 9, 591, 583, 182, 7.34%, 0, 17, 2, 17.57
1675660138, 0, 9, 593, 585, 182, 7.35%, 0, 17, 2, 247.69
1675660143, 0, 9, 594, 586, 182, 7.35%, 0, 17, 2, 29.08
1675660148, 0, 9, 597, 589, 182, 7.35%, 0, 17, 2, 40.36
1675660158, 0, 9, 598, 590, 182, 7.35%, 0, 17, 2, 32.73
1675660164, 0, 9, 600, 592, 182, 7.35%, 0, 17, 2, 45.14
1675660179, 0, 9, 601, 593, 182, 7.35%, 0, 17, 2, 46.00
1675660194, 0, 9, 602, 594, 182, 7.35%, 0, 17, 2, 40.34
1675660215, 0, 9, 603, 595, 182, 7.35%, 0, 17, 2, 58.54
1675660347, 0, 9, 604, 596, 182, 7.35%, 0, 17, 2, 29.51
1675660358, 0, 9, 605, 597, 182, 7.35%, 0, 17, 2, 28.79
1675660485, 0, 9, 606, 598, 182, 7.35%, 0, 17, 2, 24.46
